24284877
24284879
24284882
24284901
24284903
24284905
24284895
24284897
24284899
24284889
24284892
24284893
24284907
24284909
24284883
24284885
24284887
24284910
24284839
24284841
24284843
24284863
24284866
24284867
24284858
24284859
24284861
24284851
24284854
24284856
24284869
24284871
24284845
24284847
24284850
24284873
24284875
24284659
24284661
24284663
24284682
24284684
24284686
24284676
24284678
24284680
24284670
24284673
24284674
24284689
24284691
24284665
24284667
24284668
24284692
24284694
24284696
24284699
24284701
24284702
24284737
24284739
24284741
24284732
24284733
24284735
24284726
24284728
24284730
24284743
24284746
24284714
24284722
24284724
24284748
24284750
24284752
24284753
24284756
24284758
24284778
24284780
24284782
24284771
24284774
24284776
24284766
24284767
24284769
24284784
24284788
24284760
24284762
24284764
24284792
24284794
24284797
24284800
24284802
24284804
24284825
24284827
24284829
24284819
24284821
24284823
24284813
24284815
24284817
24284831
24284833
24284806
24284808
24284811
24284835
24284837
